=============================================================Metric of instruction===-==========================================================
Opcode                 Count     Count (%)      Time (s)      Time (%)      Cost (ns)       Total Mgas       Gas (%)    Static gas      Category
Overall        4248738235578       100.000      52346.45       100.000          12.34   7938315026.520        100.00           NaN           NAN 
STOP              1618384579         0.038         17.65         0.034          10.94            0.000          0.00             0          stop 
ADD             190854879837         4.492        860.12         1.643           4.54       572564.640          0.01             3    arithmetic 
MUL              29680423276         0.699        159.15         0.304           5.34       148402.120          0.00             5    arithmetic 
SUB              57637240874         1.357        445.34         0.851           7.74       172911.720          0.00             3    arithmetic 
DIV              23008121580         0.542        571.98         1.093          24.84       115040.610          0.00             5    arithmetic 
SDIV               271599188         0.006         10.35         0.020          38.14         1358.000          0.00             5    arithmetic 
MOD                887746332         0.021         15.39         0.029          17.34         4438.730          0.00             5    arithmetic 
SMOD                84114515         0.002          3.08         0.006          36.54          420.570          0.00             5    arithmetic 
ADDMOD            3717898087         0.088         78.85         0.151          21.24        29743.180          0.00             8    arithmetic 
MULMOD            7011132995         0.165        521.88         0.997          74.44        56089.060          0.00             8    arithmetic 
EXP              14227142357         0.335        769.83         1.471          54.14       750575.930          0.01            10    arithmetic 
SIGNEXTEND        2538668573         0.060         39.86         0.076          15.74        12693.340          0.00             5    arithmetic 
LT               50986572682         1.200        272.32         0.520           5.34       152959.720          0.00             3       bitwise 
GT               29488983800         0.694        249.25         0.476           8.44        88466.950          0.00             3       bitwise 
SLT               4945911615         0.116         51.54         0.098          10.44        14837.730          0.00             3       bitwise 
SGT               3067628928         0.072         19.03         0.036           6.24         9202.890          0.00             3       bitwise 
EQ               58762383126         1.383        289.52         0.553           4.94       176287.150          0.00             3       bitwise 
ISZERO          122041633900         2.872        544.01         1.039           4.44       366124.900          0.00             3       bitwise 
AND             103761718140         2.442        565.74         1.081           5.44       311285.150          0.00             3       bitwise 
OR                8068261254         0.190         61.04         0.117           7.54        24204.780          0.00             3       bitwise 
XOR                456281468         0.011          2.19         0.004           4.84         1368.840          0.00             3       bitwise 
NOT              12204704491         0.287         63.59         0.121           5.24        36614.110          0.00             3       bitwise 
BYTE              1359378003         0.032          3.91         0.007           2.84         4078.130          0.00             3       bitwise 
SHL              25092391009         0.591        311.94         0.596          12.44        75277.170          0.00             3       bitwise 
SHR              11266572998         0.265        122.87         0.235          10.94        33799.720          0.00             3       bitwise 
SAR               1823927339         0.043         13.02         0.025           7.14         5471.780          0.00             3       bitwise 
KECCAK256        20344786506         0.479       5127.57         9.795         252.04       881771.700          0.01            30        system 
ADDRESS           1671566401         0.039         23.18         0.044          13.84         3343.130          0.00             2        system 
BALANCE             74226579         0.002          8.59         0.016         115.74        36771.360          0.00           100          host 
ORIGIN              76316763         0.002          5.96         0.011          78.14          152.630          0.00             2      host_env 
CALLER            6845163646         0.161         87.68         0.168          12.84        13690.330          0.00             2        system 
CALLVALUE         5368596193         0.126         56.89         0.109          10.64        10737.190          0.00             2        system 
CALLDATALOAD     23011900114         0.542        212.30         0.406           9.24        69035.700          0.00             3        system 
CALLDATASIZE     11449585801         0.269        114.56         0.219          10.04        22899.170          0.00             2        system 
CALLDATACOPY      2440941213         0.057        123.22         0.235          50.44        66960.380          0.00             3        system 
CODESIZE           376761712         0.009          3.97         0.008          10.54          753.520          0.00             2        system 
CODECOPY           962376927         0.023         57.56         0.110          59.84        84900.270          0.00             3        system 
GASPRICE            30004127         0.001          1.19         0.002          39.64           60.010          0.00             2      host_env 
EXTCODESIZE       3276860848         0.077        641.89         1.226         195.84      2468644.300          0.03           100          host 
EXTCODECOPY           864141         0.000          0.29         0.001         332.34          429.440          0.00           100          host 
RETURNDATASIZE    6147799366         0.145        101.50         0.194          16.54        12295.600          0.00             2        system 
RETURNDATACOPY    1141857560         0.027         25.34         0.048          22.24         7697.020          0.00             3        system 
EXTCODEHASH         40518925         0.001          8.18         0.016         201.84        25307.790          0.00           100          host 
BLOCKHASH           33060122         0.001         42.36         0.081        1281.24          661.200          0.00            20          host 
COINBASE            11094545         0.000          0.29         0.001          26.24           22.190          0.00             2      host_env 
TIMESTAMP         1261988870         0.030         20.07         0.038          15.94         2523.980          0.00             2      host_env 
NUMBER             346285448         0.008          6.76         0.013          19.54          692.570          0.00             2      host_env 
DIFFICULTY          12012931         0.000          0.21         0.000          17.54           24.030          0.00             2      host_env 
GASLIMIT             8361607         0.000          0.20         0.000          24.14           16.720          0.00             2      host_env 
CHAINID             52871460         0.001          1.01         0.002          19.14          105.740          0.00             2      host_env 
SELFBALANCE        201334967         0.005          5.62         0.011          27.94         1006.670          0.00             5          host 
BASEFEE              4922396         0.000          0.31         0.001          62.24            9.840          0.00             2      host_env 
BLOBHASH                   6         0.000          0.00         0.000        1232.14            0.000          0.00             0      host_env 
BLOBBASEFEE             6707         0.000          0.00         0.000         637.74            0.000          0.00             0      host_env 
POP             275258537751         6.479       1051.57         2.009           3.84       550517.080          0.01             2    stack::pop 
MLOAD            99705481947         2.347        665.54         1.271           6.64       299116.450          0.00             3        memory 
MSTORE          121021979045         2.848       1047.44         2.001           8.64       363065.940          0.00             3        memory 
MSTORE8            967314219         0.023          3.59         0.007           3.74         2901.940          0.00             3        memory 
SLOAD            27210817584         0.640       5456.36        10.424         200.54     22029091.400          0.28           100          host 
SSTORE            7802717579         0.184       1281.72         2.449         164.24     53302328.810          0.67           100          host 
JUMP            148774336049         3.502        633.75         1.211           4.24      1190194.690          0.01             8       control 
JUMPI           190587234076         4.486        819.42         1.565           4.34      1905872.340          0.02            10       control 
PC                  85364258         0.002          0.81         0.002           9.44          170.730          0.00             2       control 
MSIZE               55962401         0.001          0.62         0.001          11.14          111.920          0.00             2        memory 
GAS               5828107269         0.137         44.30         0.085           7.64        11656.210          0.00             2        system 
JUMPDEST        278389955654         6.552       1494.89         2.856           5.34       278389.960          0.00             1       control 
TLOAD                     10         0.000          0.00         0.000         185.84            0.000          0.00             0          host 
TSTORE                     8         0.000          0.00         0.000         169.84            0.000          0.00             0          host 
MCOPY                   3357         0.000          0.00         0.000         738.14            0.000          0.00             0        memory 
PUSH0              637045080         0.015          4.27         0.008           6.74         1274.090          0.00             2   stack::push 
PUSH1           496527658109        11.686       5314.51        10.153          10.74      1489582.970          0.02             3   stack::push 
PUSH2           365143111587         8.594       1798.05         3.435           4.94      1095429.330          0.01             3   stack::push 
PUSH3             4425204419         0.104         30.92         0.059           7.04        13275.610          0.00             3   stack::push 
PUSH4            62879709958         1.480        249.52         0.477           3.94       188639.130          0.00             3   stack::push 
PUSH5             1590847776         0.037         18.40         0.035          11.54         4772.540          0.00             3   stack::push 
PUSH6              235050084         0.006          7.70         0.015          32.74          705.150          0.00             3   stack::push 
PUSH7              461174668         0.011          5.09         0.010          11.04         1383.520          0.00             3   stack::push 
PUSH8             4963211664         0.117         43.17         0.082           8.74        14889.630          0.00             3   stack::push 
PUSH9              345751407         0.008          3.56         0.007          10.24         1037.250          0.00             3   stack::push 
PUSH10             181492838         0.004          2.45         0.005          13.54          544.480          0.00             3   stack::push 
PUSH11              92167578         0.002          2.20         0.004          23.84          276.500          0.00             3   stack::push 
PUSH12             658883860         0.016          7.09         0.014          10.74         1976.650          0.00             3   stack::push 
PUSH13             446948187         0.011          5.39         0.010          12.04         1340.840          0.00             3   stack::push 
PUSH14            2786606247         0.066         73.66         0.141          26.44         8359.820          0.00             3   stack::push 
PUSH15             901440431         0.021         33.47         0.064          37.14         2704.320          0.00             3   stack::push 
PUSH16            1606660394         0.038         14.63         0.028           9.14         4819.980          0.00             3   stack::push 
PUSH17             415864963         0.010          5.85         0.011          14.04         1247.590          0.00             3   stack::push 
PUSH18              30560785         0.001          1.30         0.002          42.44           91.680          0.00             3   stack::push 
PUSH19              35461736         0.001          0.55         0.001          15.74          106.390          0.00             3   stack::push 
PUSH20           30619337815         0.721        279.53         0.534           9.14        91858.010          0.00             3   stack::push 
PUSH21             251926213         0.006         47.18         0.090         187.24          755.780          0.00             3   stack::push 
PUSH22              32301766         0.001         25.76         0.049         797.64           96.910          0.00             3   stack::push 
PUSH23              21598397         0.001          2.76         0.005         127.74           64.800          0.00             3   stack::push 
PUSH24              62535471         0.001          1.38         0.003          22.14          187.610          0.00             3   stack::push 
PUSH25              71461378         0.002          0.93         0.002          12.94          214.380          0.00             3   stack::push 
PUSH26              13517772         0.000          0.39         0.001          28.74           40.550          0.00             3   stack::push 
PUSH27              33321479         0.001          7.62         0.015         228.64           99.960          0.00             3   stack::push 
PUSH28            1264922172         0.030         31.98         0.061          25.24         3794.770          0.00             3   stack::push 
PUSH29            2975243738         0.070         29.07         0.056           9.74         8925.730          0.00             3   stack::push 
PUSH30              12677226         0.000          0.31         0.001          24.54           38.030          0.00             3   stack::push 
PUSH31             776321723         0.018          3.01         0.006           3.84         2328.970          0.00             3   stack::push 
PUSH32           17088267879         0.402        147.00         0.281           8.64        51264.800          0.00             3   stack::push 
DUP1            177997108685         4.189        994.31         1.899           5.64       533991.330          0.01             3    stack::dup 
DUP2            209316843547         4.927       1147.64         2.192           5.44       627950.530          0.01             3    stack::dup 
DUP3            135235310372         3.183        714.75         1.365           5.24       405705.930          0.01             3    stack::dup 
DUP4             89273184597         2.101        580.81         1.110           6.54       267819.550          0.00             3    stack::dup 
DUP5             54053432996         1.272        380.76         0.727           7.04       162160.300          0.00             3    stack::dup 
DUP6             29696746682         0.699        233.02         0.445           7.84        89090.240          0.00             3    stack::dup 
DUP7             21105880683         0.497        175.29         0.335           8.34        63317.640          0.00             3    stack::dup 
DUP8             14713015991         0.346        131.28         0.251           8.94        44139.050          0.00             3    stack::dup 
DUP9              9850008286         0.232         89.52         0.171           9.14        29550.020          0.00             3    stack::dup 
DUP10             7042499522         0.166         63.30         0.121           9.04        21127.500          0.00             3    stack::dup 
DUP11             5774636391         0.136         51.20         0.098           8.84        17323.910          0.00             3    stack::dup 
DUP12             4325364263         0.102         39.82         0.076           9.24        12976.090          0.00             3    stack::dup 
DUP13             3154768921         0.074         28.48         0.054           9.04         9464.310          0.00             3    stack::dup 
DUP14             2199008368         0.052         20.75         0.040           9.44         6597.030          0.00             3    stack::dup 
DUP15             1308832353         0.031         10.39         0.020           7.94         3926.500          0.00             3    stack::dup 
DUP16              719259268         0.017          7.20         0.014          10.04         2157.780          0.00             3    stack::dup 
SWAP1           230574828600         5.427       1449.19         2.768           6.24       691724.490          0.01             3   stack::swap 
SWAP2           113623863885         2.674        685.30         1.309           6.04       340871.590          0.00             3   stack::swap 
SWAP3            61555750137         1.449        372.45         0.712           6.04       184667.250          0.00             3   stack::swap 
SWAP4            27170776364         0.640        198.34         0.379           7.34        81512.330          0.00             3   stack::swap 
SWAP5            12374137689         0.291        107.84         0.206           8.74        37122.410          0.00             3   stack::swap 
SWAP6             8006350932         0.188         74.18         0.142           9.24        24019.050          0.00             3   stack::swap 
SWAP7             4312207242         0.101         45.73         0.087          10.64        12936.620          0.00             3   stack::swap 
SWAP8             2960711483         0.070         31.14         0.059          10.54         8882.130          0.00             3   stack::swap 
SWAP9             2133761977         0.050         22.23         0.042          10.44         6401.290          0.00             3   stack::swap 
SWAP10            1492600050         0.035         13.66         0.026           9.14         4477.800          0.00             3   stack::swap 
SWAP11            1082953483         0.025          9.87         0.019           9.14         3248.860          0.00             3   stack::swap 
SWAP12             493505054         0.012          5.97         0.011          12.14         1480.520          0.00             3   stack::swap 
SWAP13             387556323         0.009          4.52         0.009          11.64         1162.670          0.00             3   stack::swap 
SWAP14             157018920         0.004          2.19         0.004          13.94          471.060          0.00             3   stack::swap 
SWAP15             119225322         0.003          1.84         0.004          15.54          357.680          0.00             3   stack::swap 
SWAP16              20897178         0.000          0.46         0.001          22.34           62.690          0.00             3   stack::swap 
LOG0                  665951         0.000          0.03         0.000          45.14          346.500          0.00           375          host 
LOG1               365206746         0.009         28.60         0.055          78.34       581565.230          0.01           750          host 
LOG2               371141261         0.009         32.46         0.062          87.44       623672.670          0.01          1125          host 
LOG3              1939969140         0.046        149.54         0.286          77.04      3768016.460          0.05          1500          host 
LOG4               444755138         0.010         35.43         0.068          79.64      1002875.250          0.01          1875          host 
CREATE              29560255         0.001         39.29         0.075        1329.24     71361993.220          0.90         32000          host 
CALL              2822561821         0.066       2447.43         4.675         867.14   3466783672.070         43.67           100          host 
CALLCODE              260456         0.000          0.03         0.000         106.64       229954.200          0.00           100          host 
RETURN            4361666381         0.103         43.87         0.084          10.04            0.000          0.00             0       control 
DELEGATECALL       939581858         0.022        112.20         0.214         119.44   1879379331.890         23.67           100          host 
CREATE2             28287978         0.001         23.31         0.045         823.94    280908251.050          3.54         32000          host 
STATICCALL        1731312001         0.041       8276.13        15.810        4780.24   2140039633.180         26.96           100          host 
REVERT              81285543         0.002          1.75         0.003          21.54            0.000          0.00             0       control 
INVALID              2490852         0.000          0.05         0.000          19.34            0.000          0.00             0       invalid 
SELFDESTRUCT        55360397         0.001         23.91         0.046         431.94       138743.920          0.00          5000          host 
